       air_temperature     humidity  snow_fall_height  snow_height  \
count      6144.000000  6144.000000       6144.000000  6144.000000   
mean         -2.068132    88.422201          1.084961   101.826660   
std           3.337340    20.566757          3.779914    55.392866   
min         -13.300000     0.000000          0.000000     0.000000   
25%          -3.900000    87.000000          0.000000    83.000000   
50%          -1.600000    99.000000          0.000000   102.000000   
75%           0.100000    99.000000          0.000000   146.000000   
max          13.300000    99.000000         65.000000   185.000000   

       wind_direction   wind_speed  wind_speed_max  
count     5915.000000  5915.000000     5915.000000  
mean       159.413018     3.329298        6.250989  
std         61.132722     3.162425        5.536564  
min          0.000000     0.000000        0.000000  
25%        145.000000     0.700000        2.000000  
50%        167.000000     2.700000        5.100000  
75%        180.000000     5.000000        9.300000  
max        359.000000    22.900000       43.700000  
