       air_temperature     humidity  snow_fall_height  snow_height  \
count      5643.000000  5643.000000       5643.000000  5643.000000   
mean         -4.525944    79.579479          0.380649    88.388269   
std           4.195652    28.837180          1.229033     7.741118   
min         -14.200000     1.000000          0.000000    64.000000   
25%          -7.600000    75.000000          0.000000    86.000000   
50%          -5.200000    95.000000          0.000000    92.000000   
75%          -2.200000    99.000000          0.000000    93.000000   
max          16.100000    99.000000          9.000000   100.000000   

       wind_direction   wind_speed  wind_speed_max  
count     5402.000000  5402.000000     5402.000000  
mean       229.366901     4.467475        6.831007  
std         97.816179     3.887511        5.381231  
min          0.000000     0.000000        0.000000  
25%        163.000000     1.400000        2.600000  
50%        270.000000     3.500000        5.700000  
75%        312.000000     6.700000       10.000000  
max        359.000000    21.300000       56.400000  
